[ # ] backend.content test-size ticks-per-ms time(ticks) ...
[ # ] image: pixman 0.25.2
[*] image.rgba swfdec-youtube.0 1e+06 12750724089 12499761781 12530104879 12602826193 12611081781 12581854187 12576628454 12540094136 12620271354 12535345977 12606719145 12640840027 12605002727 12602351133 12533718746
[*] image.rgba gvim.0 1e+06 8813201501 8902746668 8855915863 8828360410 8810088257 8832790721 8836797794 8912460681 8797661540 8867882885 8859053202 8897250580 8833595081 8822892327 8903841500
[*] image.rgba xfce4-terminal-a1.0 1e+06 17529642325 17476342471 17430138631 17480257075 17475034274 17437078757 17488646687 17424279088 17418873723 17479821824 17499880166 17460945264 17488158217 17448633786 17458793735
[*] image.rgba evolution.0 1e+06 6293859867 6260442706 6227519462 6232437754 6584380201 7750745598 6293692737 6306637816 6281591412 6725800948 8363821475 6353575620 6349220667 6294781214 6812406496
[*] image.rgba firefox-canvas.0 1e+06 140117687049 138864573839 138934261806 138997865272 139006920123 139034173163 138979580200 138983048167 138949217825 138983158657 138993584422 139016140846 139110012261 139113102807 139006825627
[*] image.rgba firefox-particles.0 1e+06 233484560237 231741757203 231415807721 231074182785 231439825366 231231781914 231430195441 231138586354 231440326476 231085845999 231342196422 230685595323 231517369079 231181764251 231436515309
[*] image.rgba firefox-fishbowl.0 1e+06 561905910637 555539292370 554728153847 554652916570 555061652682 554957549381 554925808479 555623294307 559789573800 559524166850 560674357357 560532465949 560102451022 560227479673 560204855433
[*] image.rgba poppler.0 1e+06 8097345047 7490715936 7487897283 7474640710 7548578031 7571569707 7562169282 7561454176 7565683764 7598807033 7570420259 7582766240 7556177250 7582887903 7588460189
[*] image.rgba firefox-talos-gfx.0 1e+06 36090689824 35243167072 35006182028 35099322693 35060088592 35068440630 35109774719 35136648522 35347888887 35323916011 35319847059 35428253489 35375859198 35555309704 35449798403
[*] image.rgba midori-zoomed.0 1e+06 10301636277 9795532848 9797776290 9798951718 9794622118 9798155597 9794879273 9794462810 9796078728 9790137679 9789222341 9803028143 9791515439 9785524874 9789307897
[*] image.rgba firefox-talos-svg.0 1e+06 137753556322 134918748311 134957991702 135034446169 135142149369 134946764508 134903798229 134881641156 134823574148 134843719861 134752306021 134854929734 134789544827 134838873646 134789749392
[*] image.rgba firefox-canvas-alpha.0 1e+06 189614500791 189457605104 189131681881 189210345919 189143803882 189310866641 189187839710 189087293635 189094115381 189109335050 189282822368 189169375913 189173248752 189239556680 189486154468
[*] image.rgba poppler-reseau.0 1e+06 2574826610 2118424324 2110515079 2110685632 2111707409 2110437695 2110296058 2120654216 2112320127 2108778547 2100445575 2116258477 2115830419 2112413505 2110903606
[*] image.rgba grads-heat-map.0 1e+06 912999570 767188112 768383444 766323757 765732549 767122670 765342347 766067508 765694066 771085255 765318601 765756505 765801693 767138314 765472460
[*] image.rgba firefox-paintball.0 1e+06 437641929330 437052197127 436600135476 436535933539 436486881223 436656250071 436592143190 436827011555 436661861749 436356161904 436409306499 436890596094 436529294917 436494989794 436503233438
[*] image.rgba gnome-terminal-vim.0 1e+06 17492796235 16716654194 16652449605 16668179535 16734038944 16560420044 16647762977 16634002571 16700559972 16532944419 16586487111 16642214018 16685382627 16621335669 16723305739
[*] image.rgba swfdec-giant-steps.0 1e+06 5264605665 5128114453 5128828790 5132979945 5126857869 5130415374 5138518987 5137291107 5133781583 5153193336 5142451958 5143368555 5141911317 5140882625 5140469025
[*] image.rgba firefox-planet-gnome.0 1e+06 37312727999 36339096361 36233053079 36310351580 36346704939 36304980926 36283914286 36376590646 36367446608 36317362527 36317970914 36429426473 36369985129 36341700601 36449351490
[*] image.rgba firefox-asteroids.0 1e+06 23374280496 22494526347 22523315548 22534853465 22505909708 22491778723 22451099885 22459905752 22434576000 22489193409 22484947199 22486277745 22445257942 22506318558 22419338870
[*] image.rgba gnome-system-monitor.0 1e+06 10435912612 10243888863 10258978768 10255590069 10245680011 10233751890 10212953301 10219066018 10201057447 10210824189 10199793110 10177207979 10200365809 10234214519 10224359218
[*] image.rgba firefox-fishtank.0 1e+06 309915958500 311333046649 310796170808 310764337577 310693131259 310895273823 310566742031 310662493223 310551268626 310751162371 310585315406 310744834403 310563214487 308961789667 309664032664
