pixman: Disabled mmx implementation
pixman: Disabled sse2 implementation
[ # ] backend.content test-size ticks-per-ms time(ticks) ...
[ # ] image: pixman 0.25.2
[*] image.rgba swfdec-youtube.0 1e+06 13917491561 13483881274 13518831172 13576347971 13593050860 13559502746 13560627750 13524011718 13596907145 13518261757 13575787285 13609332816 13573608658 13586546194 13517223146
[*] image.rgba gvim.0 1e+06 10085262858 9406353132 9383744536 9366393380 9310980200 9315258257 9362083406 9316859926 9290050029 9343564155 9342445438 9335123698 9326250853 9308389298 9336702111
[*] image.rgba xfce4-terminal-a1.0 1e+06 21724847487 21469280474 21455704729 21474815255 21472763947 21466504005 21433293433 21375294590 21475190303 21463742341 21491743731 21470997243 21489669936 21511525992 21575026511
[*] image.rgba evolution.0 1e+06 7297247379 6854266211 6791782022 6818029837 7133180950 7994666369 6910618546 6926795391 6917578158 7157959515 8418842776 6922847892 6908118927 6905698298 7171726067
[*] image.rgba firefox-canvas.0 1e+06 168261400150 165318615650 164764023804 164793929137 164820038317 164870154945 164873741644 164872020475 164854532991 164834358640 164865747890 164849562178 165053486600 165188778358 165065796961
[*] image.rgba firefox-particles.0 1e+06 351137369534 349700334858 348087968916 348318555384 348280652247 349423552303 348555451661 348329925681 348446569541 349321376622 348795822749 348619230217 349127137786 349104850181 348242945993
[*] image.rgba firefox-fishbowl.0 1e+06 727220611337 722383402390 721372751177 723188738851 721829350068 721188709237 721136572660 725897939294 725464585255 725236513562 725303935531 726159021184 725541449204 725529914010 725023971845
[*] image.rgba poppler.0 1e+06 13821882705 12683476027 12752304946 12764823575 12738469043 12781857441 12770792699 12770188642 12783297360 12763931283 12776227117 12789614432 12808240749 12776574439 12811194965
[*] image.rgba firefox-talos-gfx.0 1e+06 45912608285 45110414263 45289000064 45234427004 45445176037 45280234915 45332299695 45435692570 45712682764 45668881184 45691015977 45716379113 45575112296 45619653564 45864675733
[*] image.rgba midori-zoomed.0 1e+06 10370291641 9922743133 9914337806 9918823291 9922012453 9921602206 9924819305 9926139024 9924940828 9921242244 9914364066 9922112047 9921787773 9929650015 9922525367
[*] image.rgba firefox-talos-svg.0 1e+06 159030077268 156425486475 156365546671 156448764919 156273584577 156275816146 156153287462 156136633113 156177043201 156117446109 156173378001 156294485554 156244375214 156192372871 156223862343
[*] image.rgba firefox-canvas-alpha.0 1e+06 337391690288 336324090365 336292439698 338508916135 336084490113 336025209334 336186578771 336204935852 336176008227 336208252125 336168704087 336221477476 336649312240 336150454493 336284097159
[*] image.rgba poppler-reseau.0 1e+06 2636970952 2128954292 2126158685 2115628997 2117684845 2116955701 2112504159 2122287105 2116550832 2116080172 2112244420 2117258464 2115482051 2117895625 2113826534
[*] image.rgba grads-heat-map.0 1e+06 918822726 765829000 767902797 765985795 763913255 766555350 768165190 765699375 766065133 771521623 765240658 766707045 765744143 764902626 767778899
[*] image.rgba firefox-paintball.0 1e+06 1228851816171 1228491218924 1227815427613 1227633095804 1228130125316 1227721082114 1227751680064 1227788431098 1227781271809 1227831392418 1227878739280 1227855133910 1227875464633 1227890478341 1227714754355
[*] image.rgba gnome-terminal-vim.0 1e+06 18773299934 18122885588 18053629240 18039416121 18045453969 18074268452 18101730108 18142221492 18062241018 18106609778 18011484014 17964428320 18106837950 18187146680 18146581403
[*] image.rgba swfdec-giant-steps.0 1e+06 5319584781 5192654071 5142657082 5152150465 5131318771 5120969692 5130277787 5209697506 5118505063 5118105291 5115408860 5116535609 5130624200 5121878117 5125426682
[*] image.rgba firefox-planet-gnome.0 1e+06 59846625897 58547358294 58786502480 58699969777 58647266228 58634182933 58577967975 58694391346 58645292375 58707506628 58705968933 58741734229 58702536723 58617280089 58619863588
[*] image.rgba firefox-asteroids.0 1e+06 33056390285 32057441186 32097608437 32134045604 32087156342 32079798284 32107191636 32104617986 32124600690 32125760545 32162565077 32124848906 32109293858 32150738226 32265435121
[*] image.rgba gnome-system-monitor.0 1e+06 10502151887 10270767554 10261491795 10267225903 10229973338 10218105282 10209388952 10213908240 10231806252 10205208253 10225804024 10211912247 10185671486 10219698011 10211313080
[*] image.rgba firefox-fishtank.0 1e+06 985726528494 985118426920 984284523285 984617782285 984717460093 986686679999 986704633606 986761949123 986889111218 986764516417 986798233618 987074928591 986855354906 986711073111 986901662180
