[ # ] backend.content test-size ticks-per-ms time(ticks) ...
[*] xlib.rgba swfdec-youtube.0 1e+06 2363895288 2322530919 2331494397 2328914918 2335000617 2365445915 2344053900 2325757713 2328717359 2341314341 2329150121 2340261086 2332677387 2342692672 2432019504
[*] xlib.rgba gvim.0 1e+06 9559720641 9563634672 9479385570 9477927407 9434647801 9397799502 9401169173 9402627293 9410231678 9414476045 9425039619 9421608239 9407262709 9500986741 9477635049
[*] xlib.rgba xfce4-terminal-a1.0 1e+06 2544520943 2542960440 2554095572 2544151682 2562296089 2567214811 3523325700 3551600991 3878875952 4265346599 3832610661 5116689350 4650079561 3861051216 4272504868
[*] xlib.rgba evolution.0 1e+06 20604728620 3930472407 5179717062 3795220601 5226961894 3820122443 4794839526 3869238489 4184066057 3821300272 5075679036 4298149612 3805521265 3802590601 5047991589
[*] xlib.rgba firefox-canvas.0 1e+06 71011085311 69535889083 69242370544 69645160643 69157755754 69156108358 69339037800 69182571852 69195061429 69036602582 69114620902 69319101855 69582008309 69452463664 69796096333
[*] xlib.rgba firefox-particles.0 1e+06 53982853834 49872570095 50246353623 50437195009 50258802785 50436632062 50344506668 50758749647 49566191679 50283510664 50194687688 50582115125 50116746583 50506454628 49821259129
[*] xlib.rgba firefox-fishbowl.0 1e+06 246041048708 264165751228 264206629668 264749994268 282362799018 247495206640 264825014680 264834223177 265685740371 265091455630 281754251141 248450849964 265328406781 265572877365 267247638550
[*] xlib.rgba poppler.0 1e+06 22374740151 5620894872 5490686539 5613669848 5410993508 5502160780 5498430781 5501964278 5507909115 5497612180 5470235546 5478129569 5485524490 5482177141 5537477965
[*] xlib.rgba firefox-talos-gfx.0 1e+06 19123301525 18268595126 17915033080 17945227849 17946637313 17778127644 17921318179 17844991233 17947514338 17875293462 17739111082 17812997661 17807774552 17878462360 17750167352
[*] xlib.rgba midori-zoomed.0 1e+06 5607280339 5450340190 5205436483 5358631162 5317940827 5210177861 5260023513 5338778790 5302347362 5437788705 5329379608 5257804416 5197945068 5248153918 5401917001
[*] xlib.rgba firefox-talos-svg.0 1e+06 50373251294 47339345960 47190897681 47278521158 47228693297 46982150001 47024656343 47061597917 47005360722 47220480233 47082171469 46976257935 46928304421 47086894603 46990042593
[*] xlib.rgba firefox-canvas-alpha.0 1e+06 53343622220 50836491681 50968690345 50839197201 50672204016 51039480554 50835839837 50688806894 52294200722 50804555102 50979344595 50911399238 50894362096 50972580814 51042641711
[*] xlib.rgba poppler-reseau.0 1e+06 3191998727 2939693796 2947752266 2929631341 2945099776 2938117040 2931787640 3146387584 2919736057 2927826528 2922213779 2933901369 2926045030 2927754347 2927072102
[*] xlib.rgba grads-heat-map.0 1e+06 1179245039 1013650924 1016361539 1011997507 1014129437 1012622132 1013994375 1014719110 1016312864 1013752207 1013708417 1012365721 1017085920 1012182753 1013703130
[*] xlib.rgba firefox-paintball.0 1e+06 50276624735 63331684962 63667709372 63242049350 65330653113 61544724632 63289141603 63152954592 63406527964 63161157588 63127987492 63458538097 63331854497 63284144740 63228345138
[*] xlib.rgba gnome-terminal-vim.0 1e+06 24669695232 11025636605 10842533440 10783833903 10804606044 10795702055 10859762951 10792837924 10761394029 10785548658 10771616094 10824492755 10783709314 10718139379 10756061698
[*] xlib.rgba swfdec-giant-steps.0 1e+06 2841324026 2595734747 2569256721 2548070122 2504122165 3079392764 2785614584 3191305806 2784165221 3054405001 3083339914 3155590981 3098307946 3277818672 3033351758
[*] xlib.rgba firefox-planet-gnome.0 1e+06 28583714931 22347535457 21014365308 22574433134 22097254450 21863997557 21857502260 22450322986 22112749772 22552131613 21718358751 22134682562 21956461846 22409793430 22170841910
[*] xlib.rgba firefox-asteroids.0 1e+06 13317603897 12609726229 13393260082 13422510065 13380707719 13334336147 12560411144 12835989408 12703715809 12775095553 13513998393 12667176326 12770881555 12639565698 12750417796
[*] xlib.rgba gnome-system-monitor.0 1e+06 6504174400 6188949674 6257297254 6224221992 6123601342 6174802305 6086926224 6115998269 6123774355 6097492371 6104482379 6124704108 6121936579 6154050748 6139008561
[*] xlib.rgba firefox-fishtank.0 1e+06 142888408055 182457059362 205682434617 207045071390 199874112403 302143601752 131904939473 262078043433 215355907982 201255608280 137055151325 293227444889 125710275762 229935312506 191342121291
