[ # ] backend.content test-size ticks-per-ms time(ticks) ...
[ # ] image: pixman 0.25.2
[*] image.rgba firefox-asteroids.0 1e+06 35271456100 33620587060 33614902960 33629726540 33638924900 33637629980 33637364300 33638192340 33637217160 33666136120 33697350840 33701941420 33672848820 33681575640 33713061780
[*] image.rgba gnome-system-monitor.0 1e+06 17323618120 17091538780 17126730520 17096545940 17121569300 17135281600 17131381500 17168298780 17146649700 17144035480 17168166800 17118582820 17185993840 17073664660 17098026360
[*] image.rgba firefox-fishbowl.0 1e+06 613738841400 613979375620 614183431020 613772209760 613414483120 613592242420 613225408140 613243585120 613595692040 613697596700 614141326260 613369315800 613497484980 613293084320 613676278280
[*] image.rgba xfce4-terminal-a1.0 1e+06 20369385820 20296286780 20294362900 20282351820 20224329540 20247375720 20237343080 20211362680 20208328940 20222376520 20215331760 20226349280 20228336740 20224366960 20206355640
[*] image.rgba grads-heat-map.0 1e+06 803769840 765146280 765207500 764271700 765014420 764279980 764830400 764298220 764928280 764168400 765001060 764323340 764574000 764577160 765164240
[*] image.rgba firefox-talos-gfx.0 1e+06 40794594820 40901393480 40648382560 40523389760 40543438720 40644351620 40845407760 40701372420 40637344020 40647395620 40896385460 40639392760 40801382460 40724373180 40767386020
[*] image.rgba gvim.0 1e+06 9469115840 9098314680 9139364080 9100345100 9095357880 9115402320 9109344380 9193303700 9167444820 9084269880 9187360200 9265384460 9217325280 9216445200 9244250300
[*] image.rgba midori-zoomed.0 1e+06 15671435480 15296152200 15312336400 15306443760 15340272580 15301960400 15290723480 15291052480 15286936120 15296980240 15281092980 15295490540 15289974460 15287951600 15295207640
[*] image.rgba firefox-canvas-alpha.0 1e+06 189347204820 188296373360 188278349920 188031370040 187915395060 188159474240 188144976040 188867356860 188971341920 188751425600 189193312280 189080106820 187971658840 187991421000 187895587180
[*] image.rgba evolution.0 1e+06 50013578480 48467290220 48589937420 48637788600 48464345940 48718027860 48626715220 48781382820 48559381260 48699329980 48589377180 48592481040 48690282040 48597287280 62062346560
[*] image.rgba firefox-canvas.0 1e+06 134369747420 134053355920 133624303220 134343415140 133705255800 134625341120 133788435480 134643439080 133860246680 134425344120 134020290980 134501825560 133952316340 134616615200 134617694580
[*] image.rgba firefox-fishtank.0 1e+06 292042048200 290719519240 290804837620 290734654400 290748354660 291726202660 291563532600 291410651260 291935927600 292051760260 291735687440 291934396980 291677115000 290875870120 291250072020
[*] image.rgba poppler.0 1e+06 19039123480 17746025160 17523930560 17530990820 17533577380 17511541220 17514852560 17479177320 17510614180 17475891540 17483118800 17482888900 17468058400 17482584120 17466533820
[*] image.rgba swfdec-youtube.0 1e+06 18202807260 18022610520 18002979900 17996266760 18003890280 18010643640 18015840460 18002071320 17999583220 18009855780 18017660240 18017799380 18005264800 18013188480 18000857560
[*] image.rgba firefox-talos-svg.0 1e+06 197901692660 194592949620 194596926740 194804248720 193945912160 192865262680 192824511000 192743386220 192725256600 192770303040 192858378940 192883431440 192735306640 192728362500 192745338100
[*] image.rgba firefox-planet-gnome.0 1e+06 54846772380 53068298320 51399326220 52925316020 53399290600 53601652380 53676053120 53880125580 53620407080 53282446600 53345183680 53337241300 53818250980 52980600660 53502373380
[*] image.rgba firefox-paintball.0 1e+06 346224256320 342471846080 342581200940 342392302700 342387360360 342398063540 342508287340 342710418280 342559379980 342790349740 342487314620 342592129860 342670592140 342659081780 342662280200
[*] image.rgba gnome-terminal-vim.0 1e+06 16811503040 15914283500 15795286080 15830319100 15963295120 16045266340 15941231200 15941288820 15957531720 15945207860 15942663340 15979542720 15987527740 15920875280 15953938360
[*] image.rgba firefox-particles.0 1e+06 296954798360 296991411240 297754983080 297909421100 297490232180 298429065780 298513252520 297614750720 297610177520 297837719360 297505512680 297957548080 298316406100 297707183320 297823584160
[*] image.rgba swfdec-giant-steps.0 1e+06 7354317120 7232217740 7212146600 7231742100 7236663640 7238227600 7237285680 7242384000 7240150060 7259440940 7148235140 7147386900 7149088440 7131607040 7146141200
[*] image.rgba poppler-reseau.0 1e+06 3192630580 2257221700 2256405580 2254362460 2251284220 2255328560 2255383600 2254368860 2260391340 2254363860 2253867160 2253833500 2256345880 2254281200 2255332880
