pixman: Disabled arm-simd implementation
pixman: Disabled arm-neon implementation
[ # ] backend.content test-size ticks-per-ms time(ticks) ...
[ # ] image: pixman 0.25.2
[*] image.rgba firefox-asteroids.0 1e+06 45767674880 44326493800 44275410520 44282854720 44278525220 44290941700 44281246700 44301773400 44272406220 44316115520 44310186660 44278782780 44288197020 44305062520 44303043920
[*] image.rgba gnome-system-monitor.0 1e+06 18269831080 18120664300 18141814880 18111078720 18123079660 18149178760 18115659500 18084883780 18149950420 18115464420 18137300860 18095678580 18105497300 18079183700 18114323780
[*] image.rgba firefox-fishbowl.0 1e+06 835668240900 834334978740 834672725640 834591358400 834817926580 834763697720 834967356860 834741465920 834898645060 835580166100 835098041540 834753224800 833936272780 834309400000 834890328540
[*] image.rgba xfce4-terminal-a1.0 1e+06 25150321620 24801305380 24811339220 24806373700 24801335920 24812329140 24806335600 24703361320 24691302860 24676372500 24676297100 24661377720 24676334560 24672394600 24686380840
[*] image.rgba grads-heat-map.0 1e+06 789096640 751244220 750855720 750483700 750478560 750690800 750211840 750720900 750443680 750420100 750094540 751153140 750185940 750615340 750552580
[*] image.rgba firefox-talos-gfx.0 1e+06 62193931820 61830371480 61712402820 61803406300 61816390440 61731330580 61887375380 61819391080 61752403160 61997372660 61826389900 61795405600 61987384360 61867400060 61967396880
[*] image.rgba gvim.0 1e+06 10965497560 10477312360 10391358540 10415342540 10364378400 10367364480 10337341480 10333343560 10365415260 10329355160 10269330600 10308376600 10302384200 10403287580 10416400240
[*] image.rgba midori-zoomed.0 1e+06 16552443020 15507603700 15532285840 15523054980 15512667280 15517095160 15524370060 15520692680 15529010660 15525144260 15531284000 15523784820 15567921300 15571701680 15571852500
[*] image.rgba firefox-canvas-alpha.0 1e+06 366659247980 366281209080 366199393420 366311366400 366462403220 366531377720 366575045440 366359339920 366446457880 366668495780 366403189400 366493264140 366624354080 366516637000 366672426320
[*] image.rgba evolution.0 1e+06 51102553960 49664333220 49504306480 49403312760 49464403660 49584407440 49599351360 49587302020 49652375440 49615345740 49646311080 49655470240 49567262320 49556411220 49589239460
[*] image.rgba firefox-canvas.0 1e+06 170810370780 171765409260 170504280860 170829296320 170531453180 170701396900 170468271020 170830357860 170627314560 170864348220 170659282000 170711645060 170669408140 170672560500 170540151620
[*] image.rgba firefox-fishtank.0 1e+06 1131114002180 1130929203400 1130512578500 1130929847600 1130786351280 1130897661860 1130077090360 1130422962840 1130469338840 1130248188480 1130336510480 1130013826020 1129945885840 1129809428440 1129832086880
[*] image.rgba poppler.0 1e+06 25956620120 24870226920 24615781520 24612662500 24597018100 24636108940 24602175640 24624716240 24611038760 24598366460 24615103300 24609832740 24618873020 24604477720 24613485280
[*] image.rgba swfdec-youtube.0 1e+06 19504180260 19346352160 19329723480 19340626060 19339645180 19344467600 19337718120 19323036360 19318339700 19317040040 19335828340 19326168480 19316326480 19331511520 19333940140
[*] image.rgba firefox-talos-svg.0 1e+06 227111880360 224258369380 224324675520 224454687280 223141488940 222551294200 222471311600 224750347380 224843521180 224814333120 224531379220 224703368900 224579334520 224706332400 224677395380
[*] image.rgba firefox-planet-gnome.0 1e+06 81026824240 78433298940 78856343420 78442119960 78368684020 78723849720 78704666480 79237223860 79182492400 78609273520 78420218540 78010359240 78817421320 78479424620 78526188980
[*] image.rgba firefox-paintball.0 1e+06 1240947477220 1238018804440 1238165490420 1237212198080 1238303383540 1238208353200 1237626238340 1237952048440 1238348640720 1237970826240 1238390404160 1238173857460 1238450645460 1237957905860 1237219265940
[*] image.rgba gnome-terminal-vim.0 1e+06 20854354640 19758241340 19824281480 19793325400 19843306640 19886276540 19933282440 19870247760 19969239540 19953340720 19919253900 19920255940 19903475920 19949503280 20001811180
[*] image.rgba firefox-particles.0 1e+06 426297797700 426267016700 426297012260 425898714660 426896279880 426343546280 427162217100 426668186320 426066353680 427065565520 426764465380 426663570040 427155052140 426600772400 426919142280
[*] image.rgba swfdec-giant-steps.0 1e+06 7699369860 7556511420 7529547840 7551803500 7530573380 7550689040 7527370960 7549723400 7557711060 7552295380 7547632120 7546608780 7551255880 7545013380 7536696680
[*] image.rgba poppler-reseau.0 1e+06 3199026200 2265252520 2265386000 2266233740 2264515380 2264268860 2267502040 2260194940 2267512260 2260392500 2262359840 2263375520 2265355400 2262399700 2262340820
